12253
12253
12253
12253
12253
12253
12253
12253
12253
12253
12253
12253
12227
12227
12227
12227
12227
12227
12227
12227
12227
12227
12227
12227
12303
12303
12303
12303
12303
12303
12303
12303
12303
12303
12303
12303
12190
12190
12190
12190
12190
12190
12190
12190
12190
12190
12190
12190
12395
12395
12395
12395
12395
12395
12395
12395
12395
12395
12395
12395
12342
12342
12342
12342
12342
12342
12342
12342
12342
12342
12342
12342
12166
12166
12166
12166
12166
12166
12166
12166
12166
12166
12166
12166
12163
12163
12163
12163
12163
12163
12163
12163
12163
12163
12163
12163
12186
12186
12186
12186
12186
12186
12186
12186
12186
12186
12186
12186
12049
12049
12049
12049
12049
12049
12049
12049
12049
12049
12049
12049
12079
12079
12079
12079
12079
12079
12079
12079
12079
12079
12079
12079
12158
12158
12158
12158
12158
12158
12158
12158
12158
12158
12158
12158
12078
12078
12078
12078
12078
12078
12078
12078
12078
12078
12078
12078
12112
12112
12112
12112
12112
12112
12112
12112
12112
12112
12112
12112
12146
12146
12146
12146
12146
12146
12146
12146
12146
12146
12146
12146
12050
12050
12050
12050
12050
12050
12050
12050
12050
12050
12050
12050
12166
12166
12166
12166
12166
12166
12166
12166
12166
12166
12166
12166
12154
12154
12154
12154
12154
12154
12154
12154
12154
12154
12154
12154
12243
12243
12243
12243
12243
12243
12243
12243
12243
12243
12243
12243
NaN
NaN
NaN
NaN
NaN
NaN
NaN
NaN
NaN
NaN
NaN
NaN
