0.00057727
0.0024164
0.00014814
0
0
0
0
0.00010155
0.00021911
0
0
0
0.00056222
0.00086077
0
0.00012638
0
0
0
0
6.5227e-05
9.977e-06
0.00013953
0.00053847
0.0028232
0.0010383
3.6651e-06
7.7228e-06
1.4422e-05
0
5.1464e-06
1.0774e-05
0.00010788
0.00021208
1.5088e-06
9.5869e-06
0.0024434
0.0027872
8.4724e-05
0
0
0
3.5737e-05
0
1.7812e-05
2.977e-05
6.1452e-05
6.893e-05
0.00029783
0.0013682
4.3891e-05
1.9254e-05
0
0
0
7.5778e-06
0
2.5208e-05
1.4642e-05
0.00069492
0.00092935
0.00028877
0.00012905
3.2366e-06
0
0
0
7.9876e-05
2.0848e-05
0.0001369
6.1611e-05
0.00014031
0.00080431
0.0058597
6.1145e-05
0.00010271
0
0
2.6572e-05
3.1048e-05
2.2873e-05
2.2375e-05
3.6969e-05
6.8481e-05
0.00048389
0.00084075
0.00042274
1.8887e-05
0
0
1.091e-05
0.00017439
3.3154e-05
0
1.9416e-05
7.7433e-05
0.00014866
0.00088127
3.4524e-05
8.8337e-05
0
0
6.373e-05
0
6.4864e-05
0.00014375
5.147e-06
0.00048295
0.0012145
0.00028908
8.8053e-05
0
1.0082e-05
0
0
1.6037e-05
3.5126e-05
0.00014087
1.5687e-05
2.377e-05
0.00041497
0.00033177
0.00024569
6.411e-05
0
0
0
6.2525e-05
6.8465e-05
7.2411e-06
6.2671e-05
1.0377e-05
0.000859
0.0016691
0.0002739
0.00010075
0
7.1622e-06
0
0
3.7624e-05
6.8312e-05
8.0617e-05
0.0010216
0.001794
0.00092824
3.5914e-05
6.9182e-05
1.0935e-05
1.5425e-05
0
0
8.4166e-05
0.00013176
0
0.0004277
0.0012555
0.0023562
7.1225e-05
8.4559e-06
4.4774e-06
1.329e-05
1.207e-05
5.0478e-05
1.6959e-05
2.3376e-05
8.2749e-05
0.00013308
0.00010742
0.0011958
2.1275e-05
0
7.46e-06
0
0
0
0.00025908
3.8222e-05
1.6976e-05
0.00016852
0.0025345
0.00089747
0.00069785
8.957e-06
0
0
0
0
6.1434e-05
5.0127e-05
0.00012386
6.5005e-05
0.00029256
0.0021496
0.00014873
0.00012295
4.9974e-05
5.7009e-05
1.7377e-05
8.6462e-05
4.7856e-05
3.3938e-05
6.858e-05
0.00022145
0.0002157
0.0045147
0.00033652
1.6725e-05
5.7334e-05
0
5.2131e-05
4.9793e-05
9.7272e-05
3.3234e-05
0.00016069
0.00033244
0.00022145
0.0014589
0.00035585
6.3334e-05
3.9095e-06
2.7006e-06
0
7.5943e-06
2.3706e-05
5.3052e-05
5.2664e-05
3.6986e-05
0.00073978
0.0021495
0.0011762
6.4326e-05
5.9061e-06
6.7753e-05
0
4.8141e-05
9.1942e-05
8.7531e-05
1.8068e-05
4.5534e-05
