370.68
371.17
371.59
371.9
371.8
370.85
369.46
368.32
368.36
369.71
371.04
371.96
372.51
372.91
373.38
373.72
373.7
372.84
371.41
370.37
370.69
371.96
373.29
374.26
374.94
375.47
375.92
376.4
376.55
375.72
374.17
372.94
373.11
374.39
375.67
376.53
377.21
377.73
378.16
378.48
378.4
377.51
375.96
374.49
374.39
375.73
377.2
378.17
378.73
379.27
379.87
380.32
380.42
379.6
377.94
376.73
376.76
378.07
379.53
380.53
381.33
381.95
382.34
382.67
382.63
381.76
380.07
378.48
378.63
380.08
381.44
382.39
383.03
383.55
384.02
384.28
384.13
383.26
381.55
380.29
380.68
382.1
383.45
384.46
385.22
385.74
386.15
386.53
386.48
385.57
384.1
382.77
382.55
383.67
385.18
386.27
387.03
387.48
387.71
387.98
387.95
386.96
385.01
383.62
383.93
385.5
386.94
387.84
388.62
389.33
389.68
389.98
389.95
389.01
387.35
386.23
386.7
388.25
389.62
390.36
390.93
391.35
391.67
392.05
392.07
391.13
389.19
387.86
388.26
389.83
391.2
392.04
392.61
393.2
393.73
393.99
393.88
392.84
391
389.89
390.55
392.16
393.56
394.39
395.07
395.7
396.29
396.74
396.75
395.96
394.47
393.24
393.21
394.51
395.97
396.88
397.51
397.97
398.27
398.63
398.69
397.73
396.13
395.02
395.12
396.38
397.86
398.84
399.56
400.12
400.57
400.96
400.91
400.06
398.37
397.06
397.34
398.8
400.36
401.66
402.61
403.25
403.84
404.36
404.4
403.62
402.1
400.78
400.95
402.4
403.76
404.67
405.32
405.91
406.32
406.61
406.65
405.86
404.11
402.57
402.66
404.16
405.7
406.75
407.53
408.23
408.77
409.07
408.97
408.1
406.48
405.11
405.18
406.65
408.12
409.19
409.92
410.34
410.89
411.33
411.34
410.53
408.88
407.65
407.92
409.44
410.87
411.76
412.43
412.95
413.44
413.86
413.81
412.88
411.17
409.73
410
411.66
413.25
414.14
