1.8357
1.8357
1.8357
1.8357
1.8357
1.8357
1.8357
1.8357
1.8357
1.8357
1.8357
1.8357
2.5723
2.5723
2.5723
2.5723
2.5723
2.5723
2.5723
2.5723
2.5723
2.5723
2.5723
2.5723
1.6405
1.6405
1.6405
1.6405
1.6405
1.6405
1.6405
1.6405
1.6405
1.6405
1.6405
1.6405
2.5504
2.5504
2.5504
2.5504
2.5504
2.5504
2.5504
2.5504
2.5504
2.5504
2.5504
2.5504
3.1891
3.1891
3.1891
3.1891
3.1891
3.1891
3.1891
3.1891
3.1891
3.1891
3.1891
3.1891
1.9345
1.9345
1.9345
1.9345
1.9345
1.9345
1.9345
1.9345
1.9345
1.9345
1.9345
1.9345
3.8313
3.8313
3.8313
3.8313
3.8313
3.8313
3.8313
3.8313
3.8313
3.8313
3.8313
3.8313
3.6118
3.6118
3.6118
3.6118
3.6118
3.6118
3.6118
3.6118
3.6118
3.6118
3.6118
3.6118
2.535
2.535
2.535
2.535
2.535
2.535
2.535
2.535
2.535
2.535
2.535
2.535
2.2378
2.2378
2.2378
2.2378
2.2378
2.2378
2.2378
2.2378
2.2378
2.2378
2.2378
2.2378
2.5861
2.5861
2.5861
2.5861
2.5861
2.5861
2.5861
2.5861
2.5861
2.5861
2.5861
2.5861
2.6508
2.6508
2.6508
2.6508
2.6508
2.6508
2.6508
2.6508
2.6508
2.6508
2.6508
2.6508
2.8795
2.8795
2.8795
2.8795
2.8795
2.8795
2.8795
2.8795
2.8795
2.8795
2.8795
2.8795
3.5034
3.5034
3.5034
3.5034
3.5034
3.5034
3.5034
3.5034
3.5034
3.5034
3.5034
3.5034
2.361
2.361
2.361
2.361
2.361
2.361
2.361
2.361
2.361
2.361
2.361
2.361
3.3868
3.3868
3.3868
3.3868
3.3868
3.3868
3.3868
3.3868
3.3868
3.3868
3.3868
3.3868
4.9158
4.9158
4.9158
4.9158
4.9158
4.9158
4.9158
4.9158
4.9158
4.9158
4.9158
4.9158
5.4461
5.4461
5.4461
5.4461
5.4461
5.4461
5.4461
5.4461
5.4461
5.4461
5.4461
5.4461
3.278
3.278
3.278
3.278
3.278
3.278
3.278
3.278
3.278
3.278
3.278
3.278
2.9971
2.9971
2.9971
2.9971
2.9971
2.9971
2.9971
2.9971
2.9971
2.9971
2.9971
2.9971
