15.219
45.656
76.094
106.53
136.97
167.41
197.84
228.28
258.72
289.16
319.59
350.03
15.219
45.656
76.094
106.53
136.97
167.41
197.84
228.28
258.72
289.16
319.59
350.03
15.219
45.656
76.094
106.53
136.97
167.41
197.84
228.28
258.72
289.16
319.59
350.03
15.219
45.656
76.094
106.53
136.97
167.41
197.84
228.28
258.72
289.16
319.59
350.03
15.219
45.656
76.094
106.53
136.97
167.41
197.84
228.28
258.72
289.16
319.59
350.03
15.219
45.656
76.094
106.53
136.97
167.41
197.84
228.28
258.72
289.16
319.59
350.03
15.219
45.656
76.094
106.53
136.97
167.41
197.84
228.28
258.72
289.16
319.59
350.03
15.219
45.656
76.094
106.53
136.97
167.41
197.84
228.28
258.72
289.16
319.59
350.03
15.219
45.656
76.094
106.53
136.97
167.41
197.84
228.28
258.72
289.16
319.59
350.03
15.219
45.656
76.094
106.53
136.97
167.41
197.84
228.28
258.72
289.16
319.59
350.03
15.219
45.656
76.094
106.53
136.97
167.41
197.84
228.28
258.72
289.16
319.59
350.03
15.219
45.656
76.094
106.53
136.97
167.41
197.84
228.28
258.72
289.16
319.59
350.03
15.219
45.656
76.094
106.53
136.97
167.41
197.84
228.28
258.72
289.16
319.59
350.03
15.219
45.656
76.094
106.53
136.97
167.41
197.84
228.28
258.72
289.16
319.59
350.03
15.219
45.656
76.094
106.53
136.97
167.41
197.84
228.28
258.72
289.16
319.59
350.03
15.219
45.656
76.094
106.53
136.97
167.41
197.84
228.28
258.72
289.16
319.59
350.03
15.219
45.656
76.094
106.53
136.97
167.41
197.84
228.28
258.72
289.16
319.59
350.03
15.219
45.656
76.094
106.53
136.97
167.41
197.84
228.28
258.72
289.16
319.59
350.03
15.219
45.656
76.094
106.53
136.97
167.41
197.84
228.28
258.72
289.16
319.59
350.03
15.219
45.656
76.094
106.53
136.97
167.41
197.84
228.28
258.72
289.16
319.59
350.03
