NaN
NaN
NaN
NaN
NaN
NaN
NaN
NaN
NaN
NaN
NaN
NaN
NaN
NaN
NaN
NaN
NaN
NaN
NaN
NaN
NaN
NaN
NaN
NaN
2.5664
4.3913
2.9744
2.6579
0.87173
2.2073
2.2261
4.6955
4.1099
2.9473
4.324
1.7821
4.7624
5.2905
3.6582
2.7411
3.1763
2.9012
5.7981
2.6898
3.5579
3.7715
4.371
3.4807
3.8577
3.9715
2.7282
3.9183
2.6435
2.8009
4.7308
4.9683
4.0613
5.8291
4.6073
5.5705
3.9464
1.1502
6.1967
5.2495
5.1403
4.0153
4.6966
4.8825
3.9744
5.6691
4.8872
1.949
4.7629
2.789
5.6569
3.1782
2.3063
3.0931
3.1386
5.2367
3.248
5.9562
4.4822
2.6569
4.372
4.6981
5.8294
4.6212
4.2
4.1681
4.2722
3.7251
3.9892
4.1552
4.0467
1.9209
2.5002
2.0508
4.5021
2.7335
2.7294
3.264
3.3734
5.6315
3.5271
5.8767
4.649
2.4458
2.1736
3.6716
2.7365
2.4481
1.9163
4.3567
4.2699
3.9047
4.9274
4.8104
5.0207
5.1292
5.4157
5.2822
5.6115
4.3419
2.3868
2.1264
4.9044
5.1053
5.7164
3.9154
6.2297
0.9701
0.6879
1.6297
3.4092
1.8238
2.0901
2.6121
5.4797
4.2269
4.2547
4.2043
3.7237
4.7063
0.14028
2.5263
0.62768
1.9438
4.2789
2.579
2.6612
3.1287
3.5255
2.4633
2.7122
1.5019
NaN
NaN
NaN
NaN
NaN
NaN
NaN
NaN
NaN
NaN
NaN
NaN
NaN
NaN
NaN
NaN
NaN
NaN
NaN
NaN
NaN
NaN
NaN
NaN
NaN
NaN
NaN
NaN
NaN
NaN
NaN
NaN
NaN
NaN
NaN
NaN
NaN
NaN
NaN
NaN
NaN
NaN
NaN
NaN
NaN
NaN
NaN
NaN
NaN
NaN
NaN
NaN
NaN
NaN
NaN
NaN
NaN
NaN
NaN
NaN
NaN
NaN
NaN
NaN
NaN
NaN
NaN
NaN
NaN
NaN
NaN
NaN
NaN
NaN
NaN
NaN
NaN
NaN
NaN
NaN
NaN
NaN
NaN
NaN
