NaN
NaN
NaN
NaN
NaN
NaN
NaN
NaN
NaN
NaN
NaN
NaN
NaN
NaN
NaN
59.004
94.788
NaN
NaN
55.151
-17.047
-41.079
-9.3506
-18.983
-23.183
-56.505
-38.631
31.745
106.3
NaN
69.004
35.626
-25.687
-17.323
-15.817
-21.973
-18.19
-184.91
-84.306
-20.049
26.896
104.61
58.588
11.164
-10.803
-36.723
-38.153
-28.08
-103.68
-71.697
-40.906
39.321
42.794
33.052
-26.445
-40.949
-81.217
-85.389
-52.008
-81.027
-71.225
-25.351
-13.105
42.783
64.071
29.176
16.674
-25.759
-47.441
-50.804
-36.327
-17.971
-18.291
-108.62
-61.028
28.261
66.693
90.409
58.482
-45.767
-36.531
-38.724
-21.653
-48.634
-38.379
-63.313
-46.909
-42.173
42.911
40.442
48.619
-22.346
-40.67
-26.288
-19.493
-54.604
-47.709
10.363
35.771
44.732
96.902
105.49
62.489
8.3337
-41.139
-76.133
-101.98
-72.184
-119.99
-100.47
-59.809
27.343
50.878
34.974
14.684
-48.812
-91.902
-101.55
-80.602
-60.713
NaN
-103.55
-90.502
-2.8705
51.813
NaN
63.77
-38.853
-67.388
-61.913
-79.987
-17.797
-8.2208
-16.035
70.274
105.78
NaN
80.188
15.53
-7.0545
-57.755
NaN
-64.282
-53.459
-43.985
-59.344
NaN
74.386
81.17
72.803
49.664
NaN
NaN
-19.224
-28.358
-30.232
-13.875
NaN
-15.803
54.768
112.99
130.2
NaN
40.458
-6.2305
-25.623
-29.537
NaN
7.8883
34.728
20.089
84.045
91.743
NaN
135.35
54.575
-43.637
NaN
NaN
-56.178
-34.329
-94.764
0.055351
NaN
100.03
96.033
108.31
6.2918
NaN
NaN
-48.269
-22.44
56.095
NaN
19.604
75.754
93.023
75.722
NaN
NaN
NaN
NaN
NaN
NaN
NaN
NaN
NaN
NaN
NaN
166.13
109.89
NaN
NaN
-23.728
-3.7257
-2.6675
-14.323
1.9735
17.032
48.772
108.46
155.58
142.24
6.5992
-28.53
-25.886
11.221
36.281
0.1528
-28.67
-35.699
10.783
79.839
80.784
66.763
-22.167
-54.338
-57.736
-53.249
12.568
