8.0083
7.8133
8.0969
7.943
7.8825
7.7089
7.8362
7.7042
8.1214
8.3626
8.2453
7.9635
8.1515
7.8959
8.1476
8.0487
7.8542
7.6015
7.6898
7.8668
8.3187
8.2729
8.058
8.1278
8.0127
7.888
7.9148
7.9561
7.929
8.0149
7.5662
7.8617
8.0717
8.252
8.2882
8.1197
8.3418
7.9398
8.1818
8.2923
7.9695
7.8718
7.9396
7.8433
7.9589
8.3896
8.1708
8.2132
8.2441
8.0634
8.3755
8.1676
8.1332
7.9959
7.8231
7.8304
8.0954
8.4165
8.3582
8.2686
8.0374
8.1876
8.4102
8.1961
7.8981
7.9406
7.9291
8.019
8.3862
8.5857
8.2203
8.1489
8.0269
8.1571
8.1753
8.1356
7.9582
7.7647
7.9537
7.7731
8.136
8.25
8.2774
8.2733
8.1581
8.1178
8.33
8.2601
7.8922
7.8713
7.9824
8.1083
8.4541
8.4831
8.1651
8.3747
8.0298
8.1347
8.3877
8.1839
8.1384
8.0216
8.0552
8.1738
8.6732
8.5624
8.3896
8.1961
8.078
8.0101
8.5748
8.2085
8.0576
7.9448
7.9672
7.6808
8.3023
8.6598
8.3657
8.3686
8.4732
8.2497
8.7559
8.3048
7.8745
8.0296
8.0481
8.3362
8.5961
8.8059
8.3914
8.1401
8.3253
8.1838
8.3079
8.2969
8.1587
8.0873
7.9396
8.1029
8.4342
8.5102
8.5146
8.3417
8.1461
8.0674
8.5382
8.3382
8.1629
8.2046
8.0775
8.098
8.5585
8.7364
8.3676
8.4113
8.2254
8.1109
8.3185
8.2774
8.1865
8.0069
8.0095
8.0139
8.6943
8.4024
8.4299
8.3125
8.0673
8.3055
8.2842
8.3162
8.1337
8.0355
8.0792
8.0812
9.0598
8.604
8.4501
8.1854
8.2219
7.7564
8.1796
8.262
8.1686
8.0151
8.0227
8.1236
8.5196
8.7248
8.5743
8.4678
8.3082
8.3066
8.6142
8.428
8.3577
8.1047
8.0022
8.4899
8.4906
8.56
8.4319
8.4017
8.1984
8.258
8.4448
8.2285
8.2126
7.7871
7.8355
8.174
8.5126
8.5262
8.4666
8.3186
8.1034
8.0835
8.1689
8.3669
8.3043
8.0081
8.0106
8.0309
8.9568
8.7325
8.457
8.3084
8.398
8.1892
8.3601
8.3397
8.181
8.2551
8.2071
8.21
8.8629
8.8821
8.5702
8.5396
