0.46519
0.5002
0.5444
0.47896
0.41526
0.3907
0.38668
0.43362
0.54815
0.56193
0.51658
0.4626
0.47483
0.50152
0.57501
0.47183
0.41822
0.37898
0.39473
0.44813
0.57668
0.57318
0.5034
0.45914
0.46201
0.51784
0.56196
0.47743
0.42697
0.40586
0.38099
0.46212
0.59373
0.58049
0.49962
0.48689
0.49376
0.57149
0.58985
0.5166
0.42051
0.39803
0.3992
0.46353
0.61769
0.56966
0.50723
0.49493
0.50665
0.51978
0.58955
0.48204
0.45817
0.41765
0.41404
0.50613
0.61469
0.60458
0.52719
0.48789
0.49462
0.561
0.58349
0.51154
0.43604
0.41384
0.40495
0.49483
0.61421
0.5934
0.53067
0.47769
0.49023
0.53981
0.59362
0.49642
0.4398
0.39259
0.39356
0.48856
0.60763
0.60344
0.51288
0.49302
0.50028
0.53156
0.61867
0.52981
0.43617
0.40131
0.41124
0.49626
0.6136
0.59004
0.52777
0.49392
0.47626
0.52087
0.57919
0.49786
0.45744
0.41531
0.41156
0.48735
0.60511
0.60169
0.54509
0.48043
0.48694
0.55637
0.62368
0.51339
0.46381
0.41306
0.42378
0.49449
0.6364
0.61869
0.54562
0.50933
0.48142
0.49831
0.54984
0.46027
0.40399
0.39473
0.39582
0.48889
0.56504
0.54377
0.49831
0.43907
0.50427
0.53841
0.55637
0.50694
0.44093
0.42571
0.41526
0.5316
0.63515
0.6045
0.54094
0.50888
0.51271
0.51771
0.59293
0.53742
0.45589
0.42614
0.4154
0.48627
0.61928
0.59043
0.53925
0.50164
0.51298
0.54596
0.6081
0.49939
0.45484
0.41772
0.41086
0.50179
0.60948
0.59633
0.52292
0.49758
0.48364
0.54801
0.58151
0.49219
0.45336
0.41183
0.413
0.50113
0.57941
0.62241
0.55389
0.49833
0.51366
0.52029
0.60063
0.51768
0.4418
0.40651
0.41438
0.5113
0.62394
0.60627
0.54683
0.49219
0.5205
0.56464
0.59797
0.51624
0.47138
0.42491
0.42658
0.50448
0.62495
0.62516
0.53805
0.50088
0.51089
0.57702
0.62201
0.52043
0.45672
0.38814
0.40066
0.4947
0.6103
0.59246
0.5356
0.50484
0.48282
0.55755
0.59143
0.56112
0.47244
0.41513
0.41774
0.50789
0.6224
0.5996
0.54395
0.48185
0.50436
0.55942
0.63709
0.56384
0.45895
0.4363
0.43951
0.55015
0.63397
0.63727
0.56104
0.50862
