5.0867
5.0429
5.4484
4.4935
4.2154
3.6822
4.4583
5.0319
5.0497
5.1888
5.0701
4.541
5.4755
4.4195
4.6297
4.8974
3.7024
4.3324
4.1826
4.6533
5.5496
5.1418
4.8064
5.1338
5.1117
4.6163
4.5427
4.0533
4.2783
4.0952
4.2075
4.2507
5.0547
4.6442
5.043
4.5954
5.395
4.807
4.3627
4.8956
4.0683
3.8196
3.8948
5.1927
4.8582
5.3233
5.1546
5.0886
5.3254
4.4069
4.9974
4.164
4.833
4.6801
4.6189
5.1184
5.3798
4.7845
5.0067
4.9005
4.8021
5.0466
4.6918
4.4437
4.1764
3.9817
4.5822
5.3694
5.4444
5.3076
4.4399
4.5018
4.6425
5.2328
5.2031
4.4056
4.4548
3.7387
4.9703
5.0157
5.4271
5.1999
5.16
4.5531
5.1006
4.5592
4.7012
4.5666
3.8665
4.1898
4.4162
4.8851
5.3047
5.33
4.6849
5.1647
4.2012
4.7341
4.7901
4.2836
4.9145
3.9305
4.4205
5.2559
5.3946
5.0591
4.9398
4.7588
5.1152
4.2654
4.7728
4.0629
4.0929
3.6906
4.7767
4.2725
5.4073
4.8875
4.6487
5.3925
5.7621
4.7561
4.9159
4.4949
4.3865
4.4557
4.8185
5.3581
5.1271
5.3517
4.8598
4.4079
4.5702
5.1032
3.973
4.7033
4.6572
4.5689
4.2279
5.225
5.4311
5.4144
4.4988
5.0155
5.1545
4.1335
4.4316
5.2853
4.1678
4.4571
4.302
5.0674
5.1578
5.1588
4.4104
5.2285
5.0304
4.5324
4.6046
4.0661
4.1513
4.0287
4.1578
4.9958
5.3501
5.1363
5.0242
5.1034
3.6995
4.6751
3.9081
4.0982
3.9717
4.1462
4.3803
5.0661
5.4657
5.5571
4.9378
4.7734
5.2173
4.1772
3.9574
4.4391
3.876
4.201
4.4073
5.0901
5.1321
5.6932
4.9549
5.2487
NaN
NaN
NaN
NaN
NaN
NaN
NaN
NaN
NaN
NaN
NaN
NaN
NaN
NaN
NaN
NaN
NaN
NaN
NaN
NaN
NaN
NaN
NaN
NaN
NaN
NaN
NaN
NaN
NaN
NaN
NaN
NaN
NaN
NaN
NaN
NaN
NaN
NaN
NaN
NaN
NaN
NaN
NaN
NaN
NaN
NaN
NaN
NaN
