NaN
NaN
NaN
NaN
NaN
NaN
NaN
NaN
NaN
NaN
NaN
NaN
NaN
NaN
NaN
NaN
NaN
NaN
NaN
NaN
NaN
NaN
NaN
NaN
5.0538
4.4184
4.4788
4.1316
4.1689
4.0924
4.1476
4.2269
5.0489
4.6355
4.9502
4.523
5.2444
4.7195
4.2858
4.7796
4.0816
3.8106
3.9324
4.9902
4.7054
5.2027
5.0965
4.9454
5.2556
4.241
4.9665
4.2546
4.7187
4.5669
4.5982
5.067
5.3692
4.7029
5.0203
4.6808
4.706
4.8759
4.5762
4.4066
4.1968
4.0634
4.5432
5.3677
5.303
5.2338
4.3681
4.3416
4.4279
5.1947
5.0963
4.6293
4.3896
3.8292
4.9005
4.9304
5.3371
5.013
5.0187
4.4896
4.9959
4.4647
4.6366
4.5313
3.998
4.1352
4.4006
4.9337
5.3096
5.181
4.6756
4.9755
4.2282
4.582
4.6653
4.2906
4.9548
3.941
4.4416
5.1325
5.2666
5.0185
4.9531
4.6887
5.0455
4.2481
4.5893
4.0221
4.0377
3.7448
4.6467
4.4235
5.3622
4.8265
4.7208
5.2776
5.5348
4.6771
4.8464
4.483
4.1778
4.4243
4.7589
5.3654
5.1207
5.2537
4.7967
4.2529
4.5116
4.981
3.9574
4.5131
4.5158
4.5198
4.2661
5.2504
5.3453
5.2423
4.3575
4.9092
4.9268
4.12
4.5028
5.1338
4.1439
4.4048
4.2248
5.0014
5.0967
5.1744
4.4401
5.1568
NaN
NaN
NaN
NaN
NaN
NaN
NaN
NaN
NaN
NaN
NaN
NaN
NaN
NaN
NaN
NaN
NaN
NaN
NaN
NaN
NaN
NaN
NaN
NaN
NaN
NaN
NaN
NaN
NaN
NaN
NaN
NaN
NaN
NaN
NaN
NaN
NaN
NaN
NaN
NaN
NaN
NaN
NaN
NaN
NaN
NaN
NaN
NaN
NaN
NaN
NaN
NaN
NaN
NaN
NaN
NaN
NaN
NaN
NaN
NaN
NaN
NaN
NaN
NaN
NaN
NaN
NaN
NaN
NaN
NaN
NaN
NaN
NaN
NaN
NaN
NaN
NaN
NaN
NaN
NaN
NaN
NaN
NaN
NaN
