NaN
NaN
NaN
NaN
NaN
NaN
NaN
NaN
NaN
NaN
NaN
NaN
NaN
NaN
NaN
NaN
NaN
NaN
NaN
NaN
NaN
NaN
NaN
NaN
3.4288
2.6407
3.5997
5.3874
7.623
8.3292
7.7711
6.4208
5.136
4.4884
4.4643
3.3382
3.5652
1.4726
2.7674
4.9362
5.5459
6.7343
7.6127
7.0168
5.911
5.1256
3.8201
4.0371
2.3665
3.0127
3.9717
5.5011
7.1924
7.2062
6.0833
4.6434
3.6961
3.0327
4.0578
3.0385
2.341
4.1439
3.5893
4.8707
6.4036
6.0178
5.9558
5.1773
4.0854
3.7271
4.0578
4.8501
4.4264
2.8356
2.9014
5.6458
7.127
7.0753
7.9813
5.5115
3.9579
4.4057
3.9579
3.4653
3.9889
2.8815
4.168
3.8994
5.2462
6.5517
6.5621
6.3175
4.4298
4.4677
4.7364
4.5745
3.7547
4.2989
5.3392
6.5448
7.1614
7.6092
7.4646
6.4518
4.8811
3.6754
2.2194
2.8976
2.2221
2.7585
3.517
5.3806
7.0202
6.7688
6.9995
4.9224
3.4722
2.4516
2.454
2.4595
2.3627
2.4257
2.3909
4.2748
6.0764
7.3578
7.5162
5.5046
2.8167
3.486
2.6679
4.0888
4.7915
4.5504
5.1256
6.9685
7.6609
7.7849
6.5345
5.3668
4.3437
3.6789
3.0217
2.2941
3.6548
3.0936
5.6596
6.4622
7.3819
7.747
7.1752
6.631
5.2738
4.7915
4.1026
4.0096
3.3699
NaN
NaN
NaN
NaN
NaN
NaN
NaN
NaN
NaN
NaN
NaN
NaN
NaN
NaN
NaN
NaN
NaN
NaN
NaN
NaN
NaN
NaN
NaN
NaN
NaN
NaN
NaN
NaN
NaN
NaN
NaN
NaN
NaN
NaN
NaN
NaN
NaN
NaN
NaN
NaN
NaN
NaN
NaN
NaN
NaN
NaN
NaN
NaN
NaN
NaN
NaN
NaN
NaN
NaN
NaN
NaN
NaN
NaN
NaN
NaN
NaN
NaN
NaN
NaN
NaN
NaN
NaN
NaN
NaN
NaN
NaN
NaN
NaN
NaN
NaN
NaN
NaN
NaN
NaN
NaN
NaN
NaN
NaN
