0
0
0
0
0
0.039353
0.039353
0
9.2602e-05
0
0
0
0
0
0
0
0
0
0
0
0
0
0
0
0
0
0
0
0
0
0
0
0
0
0.00032399
0
0
0
0
0
0
0
0
0
0.00078699
0.00023147
0
0
0.00050931
0
0
0
0
0
0
0
0
0
0
0
0
0
0
0
0
0
0
0
0
0.0001852
0
0
0
0
0
0
0
0
0
0
0
0
0
0
0
0
0.00023147
0
0
0
0
0
0
0
0
0
0
0
0
0
0
0.0014351
0
0.0010182
4.6294e-05
0
0
0
0
0
0.00013888
0
0
0
0
0
0
0
0
0
0
0
0
0
0
0
0
0
0
0.0002777
0
0
0
0
0
0
0
0
0
0
0
0
0
0
0
0
0
0
0
0
0
0
0
0
0
0
0
0
0
0
0
0
0
0
0
0
0
0
0
0
0
0
0
0
0
0
0
0
0
0
0
0
0
0
0
0
0
0
0
0
0
0
0
0
0
0
0
0
0
0
0
0.0001389
0
0
0
0
0
0
0
0
0
0
0
0
0
0
0
0
0
0
0
0
0
0
0
0
0
0
0
0
0
0
0
0
0
0
0
0
0
0
