24.31
24.79
24.948
24.759
24.346
22.875
23.368
23.929
24.343
25.173
25.117
24.862
25.667
25.453
25.077
24.743
24.438
23.401
23.482
24.089
24.774
24.949
24.615
25.089
26.024
25.58
25.079
24.658
24.035
23.886
23.349
23.749
24.312
24.987
25.048
24.934
26.187
26.16
25.146
25.42
24.102
23.359
23.434
23.788
24.49
25.192
25.03
25.261
25.787
25.421
25.652
25.034
24.897
24.162
23.82
24.696
24.961
25.329
25.324
25.24
24.909
25.531
25.118
24.868
23.787
23.979
23.868
24.647
24.912
25.62
25.101
24.976
25.584
27.488
25.245
24.956
24.328
23.391
24.013
24.349
24.757
25.019
24.978
25.192
25.18
25.174
25.019
25.021
24.035
23.624
23.72
24.769
24.884
25.198
25.164
25.433
24.721
25.021
25.003
24.876
24.78
23.729
23.909
24.631
25.359
25.537
25.951
25.603
26.181
26.328
26.244
25.476
25.102
24.338
24.092
24.678
25.535
25.661
25.084
25.164
25.317
25.368
25.221
24.592
24.088
23.954
24.016
24.708
24.935
25.423
25.157
24.753
24.994
24.799
24.291
24.835
24.179
23.979
23.547
24.257
24.899
25.275
25.663
25.438
25.619
25.096
25.221
25.096
24.646
24.353
23.447
23.744
24.774
25.254
24.965
25.145
25.365
25.476
25.05
24.791
24.617
23.823
23.361
24.129
25.155
24.999
25.05
25.176
24.433
25.463
25.047
24.73
24.561
23.758
24.039
24.815
26.038
25.906
25.555
25.364
27.598
26.044
25.966
25.449
24.766
23.774
23.809
24.766
24.934
25.535
25.636
24.894
24.768
25.684
25.158
25.243
25.2
24.481
23.859
25.391
25.472
25.345
25.336
25.672
24.792
26.343
25.591
24.631
24.289
23.453
23.785
24.13
25.357
25.406
25.271
24.809
24.957
25.467
25.337
25.609
24.974
24.092
23.881
24.373
25.763
25.123
25.33
25.139
26.094
26.299
26.327
25.559
24.709
24.745
24.424
24.81
25.502
25.777
25.406
25.009
