17.601
17.86
17.537
16.136
13.901
11.684
13.866
15.717
17.604
18.445
17.797
15.773
18.963
18.058
16.824
15.258
13.515
12.227
12.83
16.119
18.184
18.086
16.868
16.613
19.153
17.821
16.739
14.507
11.831
13.511
13.061
15.162
16.871
17.498
17.359
16.441
19.735
18.752
16.652
16.787
12.931
12.951
14.303
15.974
18.028
18.212
16.786
17.614
18.585
16.507
17.64
14.719
14.812
13.654
14.451
17.329
18.294
18.678
17.973
17.857
16.536
18.422
17.251
15.664
12.421
14.116
13.67
17.746
18.795
18.896
17.4
16.134
17.319
21.789
16.898
15.421
13.228
11.701
15.258
16.801
18.811
18.224
17.44
17.644
17.97
17.467
18.264
16.502
13.322
12.981
14.532
17.888
18.297
18.543
16.681
18.316
15.772
17.242
16.642
15.429
15.106
12.407
14.427
16.759
18.882
18.628
18.034
17.464
18.815
18.116
18.363
15.222
13.811
13.619
14.443
16.47
19.521
19
17.102
17.921
18.446
17.877
17.584
15.11
12.07
12.856
15.173
17.549
18.404
18.508
17.347
15.767
17.379
16.866
14.956
15.97
13.523
14.25
13.346
16.348
19.007
18.129
18.122
17.332
17.272
16.095
16.702
16.222
13.896
14.52
13.816
14.534
18.128
18.921
17.081
17.409
16.982
16.879
16.538
14.767
13.62
11.599
12.789
16.234
19.11
17.41
16.41
17.104
14.555
18.094
15.653
15.106
13.67
11.915
14.11
16.263
20.163
18.8
17.45
16.754
20.541
15.98
16.053
15.024
13.407
12.634
13.538
16.802
18.255
18.106
17.686
15.909
16.447
18.416
16.608
15.805
15.414
13.93
13.832
18.767
18.841
17.995
17.06
17.822
16.693
18.88
17.408
14.956
13.25
11.812
13.679
16.667
19.117
17.113
16.105
15.694
15.503
16.746
16.161
16.492
14.132
11.831
14.02
16.985
19.767
17.955
17.092
15.341
18.695
17.838
18.201
16.085
12.74
14.521
15.554
16.509
19.606
20.018
17.633
16.833
