35.021
35.176
35.702
35.84
36.001
35.408
35.456
35.395
35.514
35.853
35.831
36.067
35.258
35.816
35.88
35.961
36.094
35.59
35.658
35.498
35.605
35.793
35.754
35.777
35.6
35.923
36.111
36.144
35.992
35.763
35.373
35.449
35.644
35.946
35.923
35.851
35.237
35.593
36.051
36.112
35.943
35.453
35.373
35.321
35.466
35.808
35.996
35.701
35.793
36.114
36.096
36.307
36.004
35.801
35.391
35.461
35.643
35.834
35.823
35.436
35.646
35.579
35.925
36.01
35.738
35.497
35.549
35.455
35.56
35.927
35.77
35.9
35.98
35.015
36.005
36.085
36.043
35.671
35.422
35.341
35.481
35.765
35.77
35.501
35.347
35.449
35.553
35.841
35.757
35.575
35.327
35.46
35.624
35.759
36.01
35.469
35.789
35.712
35.918
36.038
35.928
35.738
35.527
35.685
35.751
35.902
36.139
35.819
35.573
36.464
36.357
36.483
36.335
35.874
35.548
35.498
35.709
35.914
35.823
35.525
35.073
35.631
35.73
35.941
36.068
35.767
35.389
35.378
35.584
35.799
35.875
35.816
35.53
35.432
35.852
35.962
35.833
35.468
35.436
35.193
35.417
35.854
35.961
35.814
35.903
36.027
36.149
35.855
36.027
35.651
35.299
35.517
35.59
35.717
35.788
35.562
35.681
35.919
35.926
36.086
36.084
35.831
35.539
35.418
35.619
35.822
35.993
35.765
35.869
35.783
36.155
36.05
36.075
35.828
35.688
35.759
35.755
36.08
36.075
35.994
36.008
36.54
36.637
36.5
36.251
35.742
35.599
35.554
35.628
36.045
36.042
35.798
35.663
35.838
36
36.092
36.047
35.825
35.37
35.44
35.729
35.881
36.016
35.677
35.658
35.652
36.022
35.961
35.967
35.681
35.48
35.258
35.573
36.054
36.13
35.6
35.895
36.123
36.223
36.274
36.164
36.016
35.444
35.138
35.588
35.71
36.051
36.098
35.677
36.098
36.294
36.081
36.291
35.861
35.473
35.5
35.602
35.636
35.893
35.661
