   17.6010
   17.8599
   17.5366
   16.1362
   13.9010
   11.6843
   13.8656
   15.7165
   17.6039
   18.4451
   17.7973
   15.7729
   18.9628
   18.0582
   16.8241
   15.2578
   13.5146
   12.2272
   12.8296
   16.1195
   18.1836
   18.0861
   16.8681
   16.6132
   19.1534
   17.8208
   16.7393
   14.5068
   11.8310
   13.5114
   13.0612
   15.1621
   16.8711
   17.4979
   17.3587
   16.4407
   19.7352
   18.7516
   16.6521
   16.7870
   12.9308
   12.9509
   14.3031
   15.9737
   18.0277
   18.2117
   16.7862
   17.6139
   18.5849
   16.5075
   17.6400
   14.7185
   14.8121
   13.6541
   14.4513
   17.3294
   18.2944
   18.6784
   17.9730
   17.8567
   16.5364
   18.4225
   17.2505
   15.6644
   12.4209
   14.1158
   13.6696
   17.7458
   18.7953
   18.8959
   17.4001
   16.1337
   17.3193
   21.7886
   16.8983
   15.4210
   13.2284
   11.7006
   15.2583
   16.8012
   18.8108
   18.2243
   17.4403
   17.6441
   17.9703
   17.4672
   18.2643
   16.5018
   13.3219
   12.9806
   14.5315
   17.8878
   18.2969
   18.5430
   16.6813
   18.3159
   15.7718
   17.2416
   16.6422
   15.4293
   15.1058
   12.4072
   14.4270
   16.7585
   18.8816
   18.6281
   18.0339
   17.4636
   18.8152
   18.1164
   18.3627
   15.2221
   13.8107
   13.6192
   14.4434
   16.4701
   19.5213
   19.0003
   17.1021
   17.9210
   18.4456
   17.8770
   17.5844
   15.1105
   12.0698
   12.8559
   15.1729
   17.5485
   18.4043
   18.5077
   17.3467
   15.7668
   17.3788
   16.8661
   14.9560
   15.9701
   13.5233
   14.2503
   13.3456
   16.3481
   19.0066
   18.1291
   18.1216
   17.3321
   17.2719
   16.0947
   16.7017
   16.2218
   13.8957
   14.5196
   13.8158
   14.5336
   18.1281
   18.9215
   17.0808
   17.4087
   16.9819
   16.8787
   16.5380
   14.7669
   13.6199
   11.5993
   12.7886
   16.2340
   19.1097
   17.4097
   16.4097
   17.1042
   14.5546
   18.0944
   15.6530
   15.1058
   13.6702
   11.9151
   14.1098
   16.2633
   20.1632
   18.8004
   17.4495
   16.7543
   20.5407
   15.9803
   16.0535
   15.0240
   13.4069
   12.6345
   13.5379
   16.8019
   18.2551
   18.1058
   17.6861
   15.9093
   16.4469
   18.4161
   16.6079
   15.8051
   15.4139
   13.9298
   13.8315
   18.7674
   18.8406
   17.9949
   17.0603
   17.8216
   16.6935
   18.8802
   17.4076
   14.9559
   13.2503
   11.8117
   13.6789
   16.6671
   19.1174
   17.1129
   16.1053
   15.6940
   15.5028
   16.7455
   16.1606
   16.4922
   14.1323
   11.8310
   14.0198
   16.9853
   19.7671
   17.9546
   17.0921
   15.3411
   18.6947
   17.8377
   18.2011
   16.0853
   12.7395
   14.5213
   15.5545
   16.5089
   19.6056
   20.0179
   17.6325
   16.8331
