27.933
28.483
28.584
28.105
27.27
25.586
26.411
27.333
28.029
28.841
28.932
28.007
29.557
29.169
28.48
27.81
27.301
26.168
26.3
27.42
28.422
28.598
27.921
28.363
30.043
29.081
28.525
27.758
26.675
26.889
26.347
26.984
27.903
28.556
28.558
28.332
30.38
30.27
28.508
28.919
26.848
26.21
26.602
27.166
28.218
28.857
28.403
28.902
29.528
28.789
29.349
28.076
28.172
27.183
27.11
28.508
28.726
29.101
28.973
28.9
28.288
29.265
28.558
28.17
26.608
27.163
26.913
28.439
28.874
29.425
28.567
28.243
29.024
32.524
28.62
28.106
27.211
26.1
27.386
27.967
28.583
28.687
28.519
28.832
28.953
28.834
28.978
28.608
26.887
26.535
26.991
28.602
28.642
28.933
28.488
29.227
27.843
28.483
28.32
27.997
28.009
26.422
27.05
28.131
29.153
29.2
29.45
29.133
30.29
29.972
29.933
28.642
27.977
27.262
27.299
28.404
29.546
29.57
28.514
28.847
29.186
29.075
28.717
27.795
26.677
26.842
27.336
28.464
28.726
29.061
28.594
27.898
28.49
28.148
27.185
28.222
27.05
27.114
26.468
27.927
28.876
28.97
29.282
29.018
29.223
28.188
28.532
28.505
27.539
27.509
26.415
26.855
28.496
29.113
28.496
28.692
28.885
28.909
28.476
27.736
27.604
26.399
26.181
27.649
29.096
28.441
28.302
28.734
27.414
29.098
28.086
27.765
27.388
26.412
27.074
28.376
30.344
29.804
29.006
28.738
32.1
29.119
29.061
28.446
27.564
26.595
26.77
28.34
28.67
29.135
29.248
27.979
28.239
29.441
28.418
28.494
28.597
27.665
27.135
29.662
29.477
29.087
28.766
29.483
28.299
30.353
29.237
27.82
27.107
26.334
27.068
27.831
29.396
28.743
28.572
28.076
28.121
28.872
28.538
28.999
28.018
26.766
27.019
28.218
29.978
28.733
28.866
28.164
30.275
30.25
30.053
28.843
27.442
27.932
27.814
28.446
29.517
29.862
29.036
28.424
