21.472
21.871
22.186
22.143
22.039
20.833
21.045
21.375
21.612
22.37
22.404
22.507
22.573
22.659
22.426
22.323
22.193
21.309
21.325
21.482
21.965
22.172
22.075
22.449
22.816
22.833
22.538
22.353
21.938
21.617
21.108
21.326
21.75
22.354
22.429
22.384
22.753
22.93
22.555
22.723
21.982
21.13
21.061
21.181
21.728
22.416
22.479
22.486
22.853
22.845
22.928
22.707
22.384
21.82
21.334
21.897
22.164
22.518
22.632
22.444
22.313
22.607
22.463
22.398
21.67
21.561
21.535
21.796
22.031
22.794
22.462
22.502
22.883
23.305
22.639
22.52
22.068
21.336
21.428
21.621
21.853
22.298
22.399
22.455
22.257
22.381
22.166
22.376
21.804
21.414
21.215
21.889
22.075
22.457
22.687
22.627
22.312
22.357
22.404
22.415
22.189
21.604
21.49
21.998
22.429
22.729
23.257
22.85
22.946
23.55
23.411
23.038
22.84
22.074
21.635
21.982
22.558
22.791
22.601
22.463
22.29
22.515
22.512
22.207
22.119
21.728
21.524
21.842
22.137
22.603
22.618
22.41
22.307
22.133
22.003
22.285
21.92
21.524
21.24
21.493
21.921
22.494
22.941
22.755
22.836
22.681
22.646
22.407
22.311
21.826
21.095
21.404
21.975
22.363
22.455
22.475
22.599
22.769
22.461
22.434
22.297
21.782
21.202
21.534
22.184
22.356
22.653
22.501
22.175
22.581
22.653
22.298
22.283
21.698
21.684
22.207
22.785
22.962
22.955
22.752
23.896
23.57
23.521
23.078
22.573
21.642
21.476
22.046
22.133
22.839
22.963
22.57
22.295
22.836
22.616
22.72
22.607
22.098
21.396
22.233
22.536
22.606
22.79
22.844
22.196
23.124
22.841
22.297
22.064
21.356
21.437
21.403
22.359
22.816
22.908
22.311
22.528
22.92
22.919
22.961
22.615
22.043
21.473
21.505
22.621
22.35
22.782
22.797
22.975
23.364
23.431
22.897
22.54
22.236
21.843
22.056
22.47
22.779
22.77
22.475
