15.219
45.656
76.094
106.53
136.97
167.41
197.84
228.28
258.72
289.16
319.59
350.03
380.22
410.66
441.09
471.53
501.97
532.41
562.84
593.28
623.72
654.16
684.59
715.03
745.22
775.66
806.09
836.53
866.97
897.41
927.84
958.28
988.72
1019.2
1049.6
1080
1110.2
1140.7
1171.1
1201.5
1232
1262.4
1292.8
1323.3
1353.7
1384.2
1414.6
1445
1476.2
1506.7
1537.1
1567.5
1598
1628.4
1658.8
1689.3
1719.7
1750.2
1780.6
1811
1841.2
1871.7
1902.1
1932.5
1963
1993.4
2023.8
2054.3
2084.7
2115.2
2145.6
2176
2206.2
2236.7
2267.1
2297.5
2328
2358.4
2388.8
2419.3
2449.7
2480.2
2510.6
2541
2571.2
2601.7
2632.1
2662.5
2693
2723.4
2753.8
2784.3
2814.7
2845.2
2875.6
2906
2937.2
2967.7
2998.1
3028.5
3059
3089.4
3119.8
3150.3
3180.7
3211.2
3241.6
3272
3302.2
3332.7
3363.1
3393.5
3424
3454.4
3484.8
3515.3
3545.7
3576.2
3606.6
3637
3667.2
3697.7
3728.1
3758.5
3789
3819.4
3849.8
3880.3
3910.7
3941.2
3971.6
4002
4032.2
4062.7
4093.1
4123.5
4154
4184.4
4214.8
4245.3
4275.7
4306.2
4336.6
4367
4398.2
4428.7
4459.1
4489.5
4520
4550.4
4580.8
4611.3
4641.7
4672.2
4702.6
4733
4763.2
4793.7
4824.1
4854.5
4885
4915.4
4945.8
4976.3
5006.7
5037.2
5067.6
5098
5128.2
5158.7
5189.1
5219.5
5250
5280.4
5310.8
5341.3
5371.7
5402.2
5432.6
5463
5493.2
5523.7
5554.1
5584.5
5615
5645.4
5675.8
5706.3
5736.7
5767.2
5797.6
5828
5859.2
5889.7
5920.1
5950.5
5981
6011.4
6041.8
6072.3
6102.7
6133.2
6163.6
6194
6224.2
6254.7
6285.1
6315.5
6346
6376.4
6406.8
6437.3
6467.7
6498.2
6528.6
6559
6589.2
6619.7
6650.1
6680.5
6711
6741.4
6771.8
6802.3
6832.7
6863.2
6893.6
6924
6954.2
6984.7
7015.1
7045.5
7076
7106.4
7136.8
7167.3
7197.7
7228.2
7258.6
7289
