7.569
4.7285
10.55
10.668
13.036
9.1608
10.512
6.9715
7.7352
7.3566
7.3505
9.0238
4.7773
7.9156
9.778
11.944
14.679
10.629
11.635
8.832
7.0349
8.531
9.1458
7.7042
4.8769
7.4985
9.8317
14.518
15.18
10.506
7.9579
7.6174
8.912
7.6999
6.5597
6.4778
3.2021
4.8053
9.9938
11.246
12.781
12.074
10.566
8.2549
8.9302
7.3487
8.2496
5.1922
4.6953
7.4193
10.655
13.4
11.47
10.02
8.7035
6.5122
6.4908
7.9872
8.2158
7.5247
10.411
5.3014
10.783
11.541
12.212
9.7665
10.405
7.6894
8.125
8.3719
9.0386
10.766
6.5849
3.4051
12.582
14.117
12.183
13.966
6.8145
7.549
6.92
9.3067
9.4325
8.0261
6.3318
8.3502
8.8723
7.9568
12.174
10.899
9.9827
7.6136
8.85
9.4014
10.232
5.0147
9.1177
8.3452
11.957
11.826
11.555
11.413
9.4296
8.759
6.5712
7.379
6.9775
6.5863
5.5294
8.1639
11.095
14.179
11.547
11.084
8.0522
5.0769
6.7751
7.8207
7.9356
5.8173
5.168
6.4399
8.0814
10.834
13.715
12.026
8.8284
5.9835
7.994
6.1662
8.6265
8.1039
6.4393
8.416
10.811
9.665
12.117
10.313
10.606
7.7265
7.1594
7.3777
6.7123
6.8921
5.7582
8.1303
9.2931
11.407
11.41
11.29
9.8758
8.3466
9.0955
5.7215
6.5169
6.3763
6.927
8.5513
8.8584
10.746
14.043
14.176
9.4177
8.6485
7.3452
9.0327
8.7463
8.8908
10.072
7.7002
10.123
10.838
10.31
10.891
10.304
7.119
5.7147
5.9984
7.9608
7.0337
1.9663
7.8124
10.484
11.89
12.919
12.321
10.97
9.5364
7.3026
7.7831
7.3691
6.21
7.4744
8.0931
10.875
10.538
11.45
9.0499
9.1787
9.7144
8.078
7.6993
8.2417
5.9583
6.1882
3.0021
7.7981
11.218
12.753
11.503
9.4775
8.6473
7.2269
9.1834
7.0086
8.6639
7.0514
7.6314
9.6851
12.059
11.814
12.145
7.7706
7.6154
7.7502
9.328
9.2368
8.5705
4.4184
6.8292
8.555
11.824
12.556
11.589
10.046
6.7505
8.7918
5.5772
7.8593
7.0401
