 7.5690
    4.7285
   10.5501
   10.6680
   13.0361
    9.1608
   10.5116
    6.9715
    7.7352
    7.3566
    7.3505
    9.0238
    4.7773
    7.9156
    9.7780
   11.9439
   14.6786
   10.6291
   11.6350
    8.8320
    7.0349
    8.5310
    9.1458
    7.7042
    4.8769
    7.4985
    9.8317
   14.5182
   15.1795
   10.5056
    7.9579
    7.6174
    8.9120
    7.6999
    6.5597
    6.4778
    3.2021
    4.8053
    9.9938
   11.2461
   12.7806
   12.0738
   10.5665
    8.2549
    8.9302
    7.3487
    8.2496
    5.1922
    4.6953
    7.4193
   10.6552
   13.4003
   11.4697
   10.0201
    8.7035
    6.5122
    6.4908
    7.9872
    8.2158
    7.5247
   10.4112
    5.3014
   10.7835
   11.5407
   12.2118
    9.7665
   10.4054
    7.6894
    8.1250
    8.3719
    9.0386
   10.7664
    6.5849
    3.4051
   12.5821
   14.1172
   12.1830
   13.9661
    6.8145
    7.5490
    6.9200
    9.3067
    9.4325
    8.0261
    6.3318
    8.3502
    8.8723
    7.9568
   12.1735
   10.8994
    9.9827
    7.6136
    8.8500
    9.4014
   10.2324
    5.0147
    9.1177
    8.3452
   11.9572
   11.8264
   11.5553
   11.4132
    9.4296
    8.7590
    6.5712
    7.3790
    6.9775
    6.5863
    5.5294
    8.1639
   11.0949
   14.1793
   11.5469
   11.0836
    8.0522
    5.0769
    6.7751
    7.8207
    7.9356
    5.8173
    5.1680
    6.4399
    8.0814
   10.8343
   13.7154
   12.0260
    8.8284
    5.9835
    7.9940
    6.1662
    8.6265
    8.1039
    6.4393
    8.4160
   10.8113
    9.6650
   12.1170
   10.3128
   10.6056
    7.7265
    7.1594
    7.3777
    6.7123
    6.8921
    5.7582
    8.1303
    9.2931
   11.4072
   11.4102
   11.2904
    9.8758
    8.3466
    9.0955
    5.7215
    6.5169
    6.3763
    6.9270
    8.5513
    8.8584
   10.7464
   14.0429
   14.1762
    9.4177
    8.6485
    7.3452
    9.0327
    8.7463
    8.8908
   10.0718
    7.7002
   10.1233
   10.8384
   10.3104
   10.8915
   10.3037
    7.1190
    5.7147
    5.9984
    7.9608
    7.0337
    1.9663
    7.8124
   10.4843
   11.8904
   12.9186
   12.3213
   10.9700
    9.5364
    7.3026
    7.7831
    7.3691
    6.2100
    7.4744
    8.0931
   10.8753
   10.5375
   11.4502
    9.0499
    9.1787
    9.7144
    8.0780
    7.6993
    8.2417
    5.9583
    6.1882
    3.0021
    7.7981
   11.2176
   12.7526
   11.5031
    9.4775
    8.6473
    7.2269
    9.1834
    7.0086
    8.6639
    7.0514
    7.6314
    9.6851
   12.0591
   11.8144
   12.1447
    7.7706
    7.6154
    7.7502
    9.3280
    9.2368
    8.5705
    4.4184
    6.8292
    8.5550
   11.8238
   12.5557
   11.5891
   10.0462
    6.7505
    8.7918
    5.5772
    7.8593
    7.0401
