10.003
11.317
10.336
9.1127
7.2369
6.4181
6.846
8.2607
9.0228
9.7473
10.056
8.086
13.338
11.27
9.6343
8.283
7.0846
6.4856
6.0996
8.0984
9.4171
9.6401
8.3961
9.567
13.415
11
9.4053
7.9151
6.1764
6.8024
7.0746
7.665
8.8224
9.1497
9.122
9.1461
15.853
16.061
9.426
10.044
7.0382
6.7261
7.1316
8.0911
9.4776
9.7673
8.7107
10.463
11.927
9.883
10.92
8.1865
8.7984
7.5271
8.2432
9.9779
9.8765
10.27
10.026
11.413
9.9731
12.127
9.7222
8.9974
7.4308
8.0589
7.545
9.9274
10.349
10.632
9.4021
8.5424
10.369
23.014
9.6859
8.561
7.7515
6.0924
8.401
9.1092
9.9597
9.6091
9.4165
11.025
12.209
12.058
11.371
10.3
7.6336
7.0784
7.8483
9.975
9.7858
10.082
8.6693
12.159
8.5049
9.9541
9.2471
8.5945
8.7129
6.3489
7.5445
8.8264
10.411
10.074
10.263
11.028
14.344
11.207
11.496
8.8889
8.4207
7.4001
8.1743
9.9438
10.962
10.785
9.204
10.392
12.924
11.749
10.93
8.3664
6.5288
6.885
8.2398
10.027
10.026
9.9958
9.1634
8.1558
10.44
10.133
7.0321
9.0346
7.2729
7.9783
7.0154
9.2221
10.559
9.8354
10.343
10.844
11.533
9.0742
9.185
9.8012
7.686
8.1891
7.2481
7.3793
9.4107
10.449
9.3349
10.807
11.547
10.958
9.7505
7.7888
7.7321
6.1036
6.2849
8.6419
10.402
9.1048
8.531
9.9849
7.6949
11.191
8.4245
7.81
7.2439
6.1295
7.2867
9.2177
12.575
11.261
9.7436
9.6232
18.91
10.162
9.1484
8.7169
7.3761
6.7991
7.0086
9.2857
9.6668
9.9606
9.985
8.4125
9.7992
12.158
9.3537
9.3748
9.4082
8.2828
8.1474
11.601
11.033
10.146
9.1385
11.975
9.5165
15.784
10.836
8.3568
6.9979
6.755
7.8889
8.9142
11.123
9.0329
8.6143
9.7343
9.0653
10.09
8.6548
10.111
8.3468
6.4448
7.8033
9.8382
11.93
9.8568
9.4992
7.9818
14.08
13.697
12.124
10.548
7.5514
8.456
8.8695
9.9573
11.143
11.699
9.9388
9.5085
